DIP
1
2
3
4
6
9
01
11
21
31
41
61
71
81
91
02
12
22
32
42
52
62
72
82
92
03
13
23
33
05
341
441
541
641
741
941
334
634
734
834
934
144
244
644
744
844
944
054
154
254
354
454
554
725
635
065
165
265
365
465
565
665
765
865
376
476
517
487
587
687
787
887
987
097
218
718
818
918
128
328
348
258
858
168
268
368
468
768
868
178
478
578
678
778
878
888
439
539
839
349
449
069
5201
0401
2401
7401
0501
9501
6601
4821
7821
6031
8031
9461
4861
4771
5771
8771
0871
8722
9722
1132
2882
7103
0203
9203
8803
1213
6413
9413
2823
31433
23433
63433
64433
78433
80533
73533
75533
76533
27533
57533
08533
38533
58533
68533
88533
19533
39533
32633
82633
23633
36633
68633
78633
29633
01733
03733
13733
33733
73733
14733
05733
25733
55733
85733
27733
47733
57733
38733
78733
09733
39733
49733
20833
70833
61833
02833
32833
95833
19833
39833
09933
99933
11043
26043
56043
20143
450631
374471
295571
150771
131771
197771
408771
118771
418771
648771
948771
458771
998771
200871
315871
078871
140971
490971
590971
690971
PID
1
2
3
4
6
9
10
11
12
13
14
16
17
18
19
20
21
22
23
24
25
26
27
28
29
30
31
32
33
50
143
144
145
146
147
149
433
436
437
438
439
441
442
446
447
448
449
450
451
452
453
454
455
527
536
560
561
562
563
564
565
566
567
568
673
674
715
784
785
786
787
788
789
790
812
817
818
819
821
823
843
852
858
861
862
863
864
867
868
871
874
875
876
877
878
888
934
935
938
943
944
960
1025
1040
1042
1047
1050
1059
1066
1284
1287
1306
1308
1649
1684
1774
1775
1778
1780
2278
2279
2311
2882
3017
3020
3029
3088
3121
3146
3149
3282
33413
33432
33436
33446
33487
33508
33537
33557
33567
33572
33575
33580
33583
33585
33586
33588
33591
33593
33623
33628
33632
33663
33686
33687
33692
33710
33730
33731
33733
33737
33741
33750
33752
33755
33758
33772
33774
33775
33783
33787
33790
33793
33794
33802
33807
33816
33820
33823
33859
33891
33893
33990
33999
34011
34062
34065
34102
136054
174473
175592
177051
177131
177791
177804
177811
177814
177846
177849
177854
177899
178002
178513
178870
179041
179094
179095
179096
